#longitude	latitude	city
3.995100	44.939300	984
4.361500	44.982900	769
4.703900	44.922000	215
5.287000	44.998600	1001
5.726500	45.112900	987
5.422100	45.397900	980
6.116700	45.033300	979
6.322700	45.272600	1568
6.560200	45.470900	555
7.600000	45.800000	58
8.649800	45.995200	1305
8.552000	45.834200	393
8.850000	45.583300	271
9.033300	44.816700	248
9.183300	44.666700	1187
9.183300	44.750000	579
9.383300	44.883300	1347
9.094400	45.331000	195
9.166700	45.533300	400
9.150000	45.650000	1669
9.272500	45.580100	1196
9.427600	45.640500	1774
9.316700	45.700000	314
9.383300	45.633300	1537
9.464200	45.567100	1111
9.554900	45.542200	547
9.559600	45.681800	223
9.100000	46.083300	323
9.616700	46.000000	1899
9.966700	47.016700	1608
9.637700	46.990200	1657
9.050000	47.116700	2050
8.716000	47.069500	36
9.226900	47.325900	1646
8.916700	47.333300	565
8.711100	47.305600	1886
9.070600	47.409700	153
8.618800	47.418300	464
8.533300	47.400000	1005
8.587700	47.248500	731
8.533400	47.143400	2060
8.310200	47.267800	272
8.233500	46.899300	1466
7.670600	46.764000	1651
7.708900	46.321000	243
7.696100	46.658500	10
7.670100	47.144100	1655
7.263600	47.096300	793
7.051800	47.028400	603
6.749100	47.056200	981
6.905000	47.177100	998
7.081100	47.389000	576
7.145400	47.593700	591
7.329500	47.538800	1522
7.552900	47.501200	1823
7.466700	47.450000	1146
7.294200	47.929100	668
7.616700	47.783300	2054
8.016700	47.750000	722
8.283300	47.600000	1509
8.557500	47.681100	669
7.443900	48.125500	1508
8.216700	48.133300	763
7.572700	48.207900	1507
7.301400	48.285400	937
7.428300	48.542800	469
6.707600	48.539200	265
6.574500	48.161700	927
5.148000	48.357400	1531
4.964000	48.456900	1458
4.716000	48.434500	1051
5.003900	48.783300	1169
3.903100	48.469500	1895
4.935100	47.914900	86
6.312300	47.807800	1320
6.453400	47.622300	997
6.924100	47.489900	154
6.521200	47.309900	1472
6.279300	47.695700	1633
5.845000	47.718700	650
5.636500	47.581400	447
5.526900	47.458400	1232
5.712700	47.124700	1389
5.904100	46.946000	381
6.140300	47.033100	1699
6.488500	46.866600	929
6.604500	46.658900	649
6.882200	46.727600	1658
7.300000	46.716700	762
6.778000	46.482100	1552
6.520600	46.546600	246
6.833300	46.150000	140
6.105300	45.708300	1003
5.215300	45.757000	1573
4.644700	45.878000	344
5.186900	45.940600	1510
5.430200	45.907200	378
5.377600	46.080700	1257
6.010300	46.144200	1671
6.005800	46.154500	81
6.101800	46.183900	1311
6.223200	46.245700	540
6.204700	46.415400	1850
4.945300	46.875600	618
4.348900	47.143700	1097
3.971100	47.416400	90
4.895200	47.186400	1500
5.486500	47.021600	1338
5.724700	46.751600	550
5.216200	46.783100	1663
4.791500	46.551500	928
4.671500	46.670800	350
4.481800	46.306500	1117
4.418600	46.193100	96
4.625000	45.987300	943
4.115000	46.223900	1079
3.362500	46.443500	175
3.472600	46.255400	1610
3.055100	46.502500	622
3.004300	46.708600	1416
3.051900	46.676000	1023
2.841900	46.727500	542
2.450000	47.166700	1601
1.950000	47.483300	1000
2.172900	47.608900	1743
1.582400	47.344400	671
1.233900	47.613500	1562
1.009400	47.723500	742
1.525700	47.793700	806
1.381400	48.367100	1144
1.772600	48.463600	88
2.422500	48.602200	1031
1.877600	48.586000	654
2.221100	48.732600	638
2.204900	48.971100	401
2.288600	48.893900	1007
2.242300	49.140500	335
2.860200	48.941100	1940
2.370700	49.130800	1926
1.853600	49.549200	1732
1.772800	49.816200	1560
2.636300	50.373600	288
2.428600	50.295200	1627
2.686800	50.080900	155
2.648700	49.699000	1963
2.877400	49.437800	361
3.048000	49.588300	1579
3.134600	49.525200	290
3.296300	49.401700	1344
3.572300	49.475800	1182
3.555500	49.529600	1907
3.743500	49.700200	1847
3.840000	49.713000	935
4.480400	49.538200	1058
4.566700	49.516700	33
4.979800	49.634200	1497
4.657200	49.486900	1661
4.686500	49.137500	975
3.863000	49.175100	346
3.367900	49.002000	1271
3.477300	48.842000	1191
3.274300	48.365000	394
3.201500	48.902000	1567
2.768100	48.542800	405
2.949600	48.383600	1193
2.930400	48.335500	1274
2.116700	48.000000	934
2.291800	48.226000	1469
3.943400	47.911200	1852
3.432500	47.497400	342
3.280100	47.076000	112
3.159000	46.989600	1259
2.983300	47.116700	999
2.804000	47.070600	1941
3.265800	46.850600	1064
2.616700	47.033300	1820
1.861500	46.884900	1258
1.040300	47.055500	1922
0.296100	47.425700	730
-0.397600	47.455900	50
0.384000	47.683000	1186
0.083300	48.350000	986
-0.674800	48.853800	1906
-0.283100	48.973600	575
-0.395100	48.989100	331
0.021400	48.731400	810
-0.339100	48.495000	1253
-0.710300	48.645900	1040
-1.225400	49.043900	437
-1.530900	49.217000	1004
-1.337400	49.356100	1019
-0.282500	49.241500	1556
0.368400	49.556100	631
0.634800	49.531000	57
0.457700	49.485500	1800
0.852800	49.599500	415
0.966700	49.250000	1571
1.754400	49.195600	345
1.687600	49.176900	1195
1.436200	49.117600	1570
1.616700	49.316700	1564
1.590300	49.382900	1198
1.667300	49.582100	697
1.634300	49.937200	237
1.452000	49.806700	376
1.525300	50.041400	439
2.263500	50.397200	1373
2.424700	50.518500	558
2.254600	50.539400	955
1.773800	50.554600	171
1.831300	50.893300	1574
1.383300	52.033300	1471
0.866700	52.083300	1183
1.200000	52.500000	577
0.316700	52.000000	670
0.316700	51.900000	1831
-0.033300	51.633300	1403
0.300000	51.550000	1439
0.366700	51.666700	588
2.217700	50.996500	1041
2.950000	50.750000	145
3.716700	50.866700	233
3.683300	50.733300	526
3.800000	50.616700	1072
3.962700	50.264300	1050
4.327400	50.151100	590
3.642500	50.073300	321
3.580900	50.198400	1256
3.462400	50.153500	1931
3.166700	50.317300	533
3.053000	50.379300	974
2.981400	50.085800	172
2.956600	49.896600	1145
3.167100	49.856600	1404
3.062200	50.522200	83
3.443300	51.246100	505
3.566700	51.183300	506
3.550000	50.983300	79
3.816700	51.066700	1913
4.181700	51.417100	1511
4.383300	51.166700	188
4.016700	51.000000	1647
4.450000	50.866700	1707
4.600000	50.816700	1042
4.583300	50.833300	1649
4.533300	51.066700	1706
4.516700	51.200000	1998
4.397800	51.360200	1448
4.038500	51.650300	1315
4.611300	51.640100	2044
4.650000	51.583300	97
4.774700	51.514300	599
5.041300	51.674400	1952
5.134400	51.880200	6
5.345700	52.033400	480
5.190000	51.888700	158
5.116700	51.350000	911
4.800000	51.133300	455
4.700000	51.266700	2056
4.816700	51.033300	1470
4.900000	50.933300	1828
4.950000	51.100000	2039
5.233300	50.950000	1744
5.350000	51.100000	1746
5.716900	51.748800	1916
5.516700	52.100000	961
5.950000	52.066700	1819
6.288300	52.249300	149
6.561300	52.198000	463
6.499200	52.464300	451
5.850700	52.449700	443
4.625000	52.618800	508
5.738000	53.157600	607
6.068000	53.004500	645
6.075100	52.961300	1325
6.711400	52.570600	1461
6.714500	53.143200	910
7.036200	53.166500	204
7.533300	53.366700	1833
8.183300	53.133300	543
8.383300	52.633300	704
7.583300	52.516700	51
7.721200	52.368900	1488
8.583300	52.233300	247
9.753500	52.018900	735
9.213200	52.779400	544
9.816700	53.166700	1495
9.533300	53.283300	1835
9.300000	53.516700	1211
9.236800	53.802700	1303
8.916700	54.016700	589
9.150000	54.150000	561
9.000000	54.600000	554
8.549600	55.131100	891
8.491600	55.801300	1066
8.333300	56.266700	1872
9.357800	55.253700	1768
9.533300	55.233300	1754
9.968400	55.369300	549
12.034000	55.944400	907
12.600000	55.766700	876
11.478000	55.672400	1760
11.348900	55.286100	507
9.650000	54.650000	1644
9.537600	54.456500	1049
10.050000	54.366700	39
10.333300	54.433300	705
10.900000	54.266700	1652
10.416700	53.983300	1972
10.066700	53.600000	710
9.900000	53.466700	696
10.966700	53.800000	1843
10.700000	53.683300	27
11.300000	53.750000	1178
11.500000	53.833300	881
11.533300	53.683300	2053
11.967700	54.568300	197
12.526500	54.961000	270
14.816700	55.166700	880
15.699500	54.194100	1887
15.298500	53.939800	1435
14.781300	52.643400	823
14.433300	52.666700	866
14.283300	52.650000	1696
14.411700	53.362700	141
14.546500	53.473300	1964
14.016700	53.716700	1018
13.283300	53.616700	1391
13.600000	54.116700	1056
13.416700	54.333300	841
13.083300	54.250000	2052
13.204500	54.188400	1778
12.433300	54.200000	509
11.983300	53.716700	1533
12.766700	53.600000	964
12.666700	53.750000	38
12.516700	53.783300	877
11.950000	53.650000	1642
13.000000	52.466700	1631
12.600000	51.833300	993
12.166700	52.050000	445
10.900000	52.883300	994
10.850000	52.683300	687
10.574900	52.904300	2001
10.350000	52.666700	1994
11.166700	52.350000	436
9.766700	51.500000	486
8.783300	51.550000	512
7.733300	51.066700	205
7.569300	51.000600	667
7.450000	51.000000	1645
6.933300	51.216700	727
6.300000	51.216700	511
5.900000	51.050000	1638
5.466700	50.850000	1521
5.443600	50.602200	572
5.683300	50.566700	1853
5.383300	50.300000	1273
5.233300	50.383300	699
4.705000	50.004600	700
4.800000	50.350000	417
5.166700	50.000000	1491
5.733300	49.766700	708
5.600000	49.566700	637
5.915400	49.433600	419
7.037600	49.025700	1986
7.025200	48.941100	200
7.281000	48.819200	657
7.438800	48.718200	592
7.552900	48.671200	92
7.450000	49.333300	1985
7.533300	49.466700	900
7.666700	49.366700	908
8.398600	49.518600	1059
8.399200	49.518600	1317
8.708900	49.831400	1263
7.816700	49.666700	461
7.766700	49.883300	1731
7.716700	50.083300	448
7.600000	49.550000	1527
7.066700	49.416700	1883
6.566700	49.666700	564
6.750000	49.916700	706
6.416700	50.166700	1295
5.883300	50.533300	132
6.566700	50.416700	1643
7.150000	50.366700	871
7.100000	50.550000	965
7.300000	50.550000	441
7.233300	50.850000	680
7.566700	50.583300	496
7.600000	50.650000	251
8.600000	50.466700	1294
8.833300	50.516700	1013
9.100000	50.866700	1179
9.270800	50.751800	37
9.366100	49.930800	1967
10.233300	50.333300	716
9.533300	51.333300	1996
10.783300	51.266700	166
11.316700	50.350000	1425
10.816700	49.766700	1402
11.350000	49.800000	743
10.433300	49.316700	1299
10.566700	49.566700	1639
10.350000	49.583300	1105
10.300000	49.516700	1656
9.366700	48.983300	878
9.700000	49.683300	252
9.183300	48.833300	2059
8.816700	48.866700	2005
8.216700	48.800000	695
8.216700	48.933300	760
8.200000	48.800000	1605
8.883300	48.483300	1498
9.116700	48.233300	587
8.916700	47.816700	1648
9.150000	47.733300	468
9.533300	47.683300	615
9.750000	47.983300	723
10.300000	48.650000	113
10.350000	48.850000	227
10.650000	48.866700	1534
11.233300	48.883300	960
11.416700	49.200000	1515
11.416700	49.550000	870
12.066700	49.633300	1969
12.283300	49.933300	472
11.933300	50.183300	1161
12.633300	50.783300	1749
12.100000	51.566700	513
11.916700	51.233300	1763
12.072600	51.109700	458
13.366700	51.116700	142
13.533300	51.000000	1394
13.444400	50.900000	209
13.133300	51.516700	73
13.616700	52.366700	510
14.216700	51.650000	488
14.900000	51.683300	1265
15.030800	51.814000	1087
15.475100	51.704200	363
15.213100	51.634700	1108
14.966700	51.933300	1783
15.422200	52.012000	424
16.207900	52.263200	25
15.842300	53.296100	423
16.583300	53.716700	1342
18.483300	54.683300	1323
19.417800	54.271300	1222
19.742000	54.090500	53
20.428300	53.917900	811
19.880800	53.839000	1720
19.261300	53.053500	255
18.913200	52.732800	1151
18.397400	52.511100	1396
17.383300	52.483300	766
17.498300	52.744500	785
18.900800	53.684600	925
20.475600	54.148400	753
21.933300	56.533300	1266
21.633300	55.666700	1535
24.376900	58.715300	1933
24.388900	58.511400	976
25.073900	60.266100	707
24.816700	60.280000	1361
24.433300	60.483300	1174
24.887800	60.428900	901
25.900000	60.383300	919
27.683300	60.566700	1450
28.600000	61.900000	818
28.810800	61.157500	765
25.095600	59.125600	874
22.366700	60.366700	875
21.400000	60.766700	1779
20.033300	60.250000	688
17.216700	60.683300	222
17.850000	63.933300	703
16.766700	64.416700	1934
18.250000	65.016700	170
18.883300	64.816700	1539
22.250000	61.616700	971
21.916700	61.083300	1713
22.733300	60.583300	1806
23.666700	61.133300	1242
23.350000	61.466700	1712
27.786100	62.173000	923
27.983300	64.400000	1148
29.100000	64.483300	849
23.933300	62.166700	1476
23.800000	61.883300	838
23.050000	62.116700	959
22.300000	63.200000	1860
21.666700	62.716700	1767
25.416700	64.933300	1326
26.550000	65.516700	755
42.160000	61.080000	1912
48.966800	58.033800	69
47.871100	56.636900	804
50.213500	56.548100	65
48.594700	52.859400	1428
50.481800	53.014500	1432
52.798500	54.537800	261
59.210600	53.876900	1920
57.960300	52.585400	666
53.971900	49.661100	836
49.147000	51.643100	213
46.498100	51.613400	1688
46.089200	52.858900	1540
41.789400	51.582100	1236
41.418100	52.822100	1399
45.871200	55.722600	230
42.833300	55.900000	1686
42.700300	56.194700	644
39.833400	54.789700	1729
39.838900	56.148800	59
41.341700	56.702000	887
40.737700	56.922700	1683
37.639600	59.189200	1249
40.048600	60.054400	1736
29.808300	60.718900	1520
29.725300	60.519600	894
29.828400	59.660000	850
31.746500	58.417100	481
31.369100	58.660900	347
30.595300	56.398200	173
30.910900	56.045900	1830
28.465400	56.295500	1653
27.416700	56.700000	1517
24.441700	55.708300	1335
24.483300	55.633300	815
22.777500	55.428900	1250
23.383300	54.583300	9
23.316700	54.583300	1173
22.769600	54.260900	684
24.033300	54.050000	1930
22.972700	53.908100	1785
21.799500	53.144200	2041
20.666300	52.937200	899
20.411400	52.600900	1694
20.463900	52.266600	826
20.350000	52.083300	1753
21.355500	52.191200	491
21.206900	52.822700	1786
22.433300	53.100000	1542
23.150000	53.370600	221
23.729700	53.168600	1784
26.707400	53.509200	2042
27.391700	53.839700	1330
26.276800	52.038100	1201
30.205900	50.414700	641
28.548700	50.272900	144
26.184900	50.601500	1869
25.183300	50.883300	146
22.689500	50.141900	425
22.566700	50.166700	1855
19.729000	49.730700	2040
19.433300	50.166700	1992
18.532800	50.390600	1449
18.202200	50.007100	219
18.953800	49.854800	1147
19.436100	47.665300	754
19.950000	48.150000	1792
20.950000	48.300000	1181
20.266700	46.650000	1787
20.283300	46.700000	1228
20.216400	45.902500	787
20.487800	44.785800	1945
21.597200	44.196100	1153
20.699200	44.438600	1165
21.316700	46.150000	64
21.853600	45.812500	546
23.200000	46.233300	257
23.633300	46.150000	1307
22.933300	47.416700	216
23.976400	46.448300	627
25.841100	47.384900	1890
26.366700	47.166700	1842
26.183300	45.850000	406
26.000000	45.600000	274
25.200000	45.150000	1089
25.000000	45.783300	757
24.569400	48.634800	1224
21.950000	49.250000	1226
21.678700	48.469000	1914
20.950000	49.050000	1030
20.876900	49.263400	1057
20.750000	49.216700	1589
20.526900	49.415200	1788
20.883300	49.616700	1438
20.844600	49.679000	895
21.005900	49.727300	187
20.660700	49.853200	1868
20.331900	49.930500	966
20.166700	50.016700	365
20.450000	50.050000	613
20.186400	50.217000	1264
20.566700	50.450000	912
20.739800	50.508800	525
21.157300	50.379400	2057
20.818200	50.239900	1995
21.683300	50.283300	1858
21.783100	50.656800	1857
21.439200	51.009300	1626
21.482800	51.316300	254
22.172600	51.345100	256
23.438600	51.348800	1997
22.573000	51.705800	2002
22.220600	52.167800	752
21.150000	51.833300	647
21.295300	51.663300	1102
20.907800	51.669300	1429
20.480600	51.939400	1207
19.972800	52.026400	208
19.550800	51.883900	2043
19.289200	51.959800	1331
20.013700	51.132200	1965
20.187900	50.991300	1166
19.233300	50.466700	1697
18.599000	50.715600	951
18.340100	50.510700	499
19.160900	51.295700	1447
19.103700	51.422100	1437
19.212300	51.536800	1370
17.706600	51.858100	1386
17.948500	52.047800	182
16.761100	52.280100	1856
16.301300	52.007300	1434
16.482300	51.804800	1436
16.220400	51.280100	1155
15.698800	51.181300	1459
15.916700	51.116700	2055
15.385300	50.511900	1388
15.521100	50.388500	1392
15.019700	50.283900	973
14.950000	50.300000	1063
14.889300	50.351300	1765
14.847200	50.144100	1755
14.247800	50.361700	1993
13.843000	50.633100	1431
13.836000	50.451200	1010
13.516700	50.333300	1012
14.072600	50.409700	1462
14.086400	50.321800	786
14.566700	50.183300	1721
14.539300	50.048900	733
14.683300	50.116700	1255
15.017100	49.911700	373
15.758700	49.407600	1925
15.158200	49.362300	238
15.450000	48.800000	1016
16.493000	49.356600	1948
17.066700	49.366700	1726
17.066700	49.283300	715
17.416700	49.233300	1775
17.491600	49.381000	1751
16.033300	50.883300	1346
16.662100	50.818100	789
17.776500	50.493600	1723
17.937300	50.337000	185
17.787000	49.897000	474
17.709400	49.898900	1164
17.299800	49.820800	749
18.169900	49.564900	1014
18.686900	49.421000	1756
17.800000	48.900000	1114
18.515300	48.659700	276
18.175100	48.517800	1269
17.938700	48.308400	1915
17.733300	48.316700	1901
17.257400	46.765800	858
16.764000	46.780300	1227
18.335800	45.683300	1827
18.783100	45.455600	1841
19.058600	45.236100	281
18.716700	46.016700	420
18.858200	46.573100	1075
18.506300	47.102700	168
19.433300	47.300000	1184
19.002200	46.640000	493
17.937200	45.696100	413
18.060000	45.579200	1621
17.705000	45.218900	485
17.623100	45.278900	1716
16.809400	45.176700	903
16.200000	44.466700	1514
16.083300	43.566700	1478
16.571400	43.571900	921
16.341100	43.355300	642
13.625500	43.492000	1285
13.650000	43.066700	1363
13.583300	43.150000	1473
12.516700	42.016700	1098
12.400000	42.916700	388
12.833300	43.300000	292
13.066700	42.016700	1512
13.316700	41.774700	1383
14.416700	40.916700	253
14.365200	41.121000	55
14.966700	41.683300	1594
14.366000	40.878600	1216
15.283300	40.250000	1171
15.316700	40.150000	594
15.450000	40.083300	5
15.783300	40.033300	1641
15.066900	40.501600	1116
14.808300	40.774400	1667
17.700000	40.650000	1598
18.250000	40.266700	582
18.126500	40.051400	1336
16.330300	39.225200	563
16.300000	39.816700	375
16.860800	39.132800	1513
16.366700	39.066700	386
16.466700	38.466700	995
16.225800	38.682900	1077
15.931500	38.675800	567
15.712600	38.010300	1203
15.138200	37.902000	581
14.883300	37.083300	269
15.133300	37.683300	1616
15.233300	37.816700	282
12.788200	38.024200	111
12.968900	37.604100	1140
10.537200	35.872800	817
8.784200	34.425000	1451
8.784200	34.425000	597
6.633300	36.366700	1691
4.533300	36.461100	17
1.496100	35.185700	1738
-1.308100	35.280800	1692
-4.350000	34.910000	1138
-5.450000	35.283300	32
-7.162800	38.881500	524
-6.637800	40.061300	1197
-5.906200	40.506800	1593
-5.583300	40.316700	1047
-5.478900	40.476200	1243
-4.918000	39.962900	311
-4.900000	39.433300	1523
-3.621700	37.948500	1844
-3.012700	37.008400	968
-4.214600	37.945400	1044
-6.682000	37.948800	1892
-5.988900	37.675800	320
-5.634100	37.079500	516
-5.845900	36.136900	2037
-15.511800	28.100100	1618
-16.720100	28.050100	1046
-17.866700	28.566700	788
-16.333300	28.533300	108
-8.235400	37.101100	403
-7.652800	38.171300	1106
-8.379700	37.999700	536
-8.786100	38.380600	395
-9.192700	38.839000	1379
-8.388100	39.491800	1516
-8.347600	39.497300	1022
-8.495400	39.776500	1487
-8.536600	39.938700	534
-8.751000	39.979000	1172
-8.445600	40.290700	1624
-8.101900	40.531500	1176
-7.555500	40.705400	578
-8.374700	40.972700	229
-8.467300	40.820400	1069
-8.320700	40.800400	1935
-8.349100	41.052200	1654
-8.736400	41.313500	596
-8.300000	41.050000	1623
-8.308900	41.382100	283
-8.383300	42.116700	1504
-8.616700	42.200000	1845
-7.950000	42.316700	35
-7.259000	42.483000	1597
-8.750000	42.866700	1927
-7.566700	43.000000	1544
-7.015900	42.882900	329
-6.319400	42.939300	1938
-5.573500	43.259900	1045
-5.707300	43.302400	945
-5.864300	43.578700	1355
-2.480300	47.277500	151
-0.791300	46.077300	1559
-0.429000	46.049000	203
-0.300000	45.716700	236
-0.491500	45.701500	477
-0.435600	45.460900	1563
-0.300000	45.450000	1557
0.266700	45.683300	1199
0.024700	46.074600	1380
0.699600	45.589700	87
0.415700	44.997900	655
0.241900	44.374300	285
0.050000	44.333300	156
-0.153100	43.902800	1121
-0.392300	43.889900	234
-0.645500	43.664200	1666
-0.250000	43.516700	1805
-1.057200	43.384400	941
-1.750000	43.083300	940
-0.553100	45.079100	1180
-0.463300	44.926900	931
-0.286400	44.818000	1572
0.254900	44.826500	1569
0.416700	45.200000	1529
0.614700	45.174900	985
0.783300	44.866700	1122
0.816700	44.816700	983
0.671600	44.618900	483
0.474900	44.613800	1558
0.522400	44.380000	988
0.783800	44.060700	1710
0.043100	43.800000	1090
0.501300	43.382300	948
0.754400	43.016200	781
1.038200	42.931300	330
0.966700	42.937000	759
1.535000	42.877000	1635
1.280500	43.200400	972
1.037900	43.342600	1415
0.899400	43.084800	562
-0.042300	41.715900	740
0.207200	42.464500	1310
0.203900	42.320400	1131
-0.753300	42.756500	1709
-0.950000	42.833300	1885
-0.450000	43.133300	275
-1.671600	42.717700	1769
-2.266700	42.616700	1159
-3.250000	43.116700	1139
-3.025700	42.775400	28
-5.716700	42.100000	936
-5.983600	42.089400	1526
-7.467500	41.229200	317
-7.998300	41.097000	1414
-7.668500	41.477000	1741
-7.440200	41.588100	1283
-5.664100	41.392000	784
-5.793500	41.039400	519
-4.417300	41.257600	1588
-4.309500	40.991800	49
-4.050000	41.133300	1324
-3.694900	41.181500	1918
-3.558000	40.885700	515
-3.410000	40.590400	1664
-3.659700	40.392400	1441
-4.091500	40.204400	1898
-3.191000	40.207700	1891
-2.744300	40.848200	384
-2.949700	40.165700	992
-2.884700	39.920900	34
-1.366700	39.200000	930
-0.787200	39.132100	184
-0.126800	38.773100	571
-0.109000	38.754900	169
-0.796500	38.086400	31
-0.433300	38.616700	313
-0.416700	39.516700	266
-0.531000	39.741600	1104
-0.566700	40.266700	312
-0.811400	41.033100	1214
1.883300	41.493400	1611
2.198600	44.452700	1909
2.179500	44.503100	996
2.463400	44.474500	1099
2.936800	44.533900	1420
4.030800	44.368300	225
3.994500	44.114900	1553
3.366700	43.866700	978
3.450000	44.200000	1584
3.135800	44.701000	1082
2.552800	45.000600	1917
1.854000	44.926300	183
1.808000	45.187000	947
1.897800	45.230300	539
2.173100	44.828500	1341
1.950100	44.599500	289
1.300000	44.016700	1188
1.351900	43.479800	1632
1.966100	42.952000	1575
2.123800	42.737900	537
3.107800	42.011200	1034
2.036600	41.343600	1612
1.811900	41.235100	1711
3.266700	39.733300	392
8.610800	39.160300	1353
8.976600	39.492800	1665
9.683300	40.566700	1703
9.279900	41.589400	1408
6.235000	43.137100	932
5.355000	43.213300	284
5.751000	43.761700	1577
5.637400	44.232200	944
5.511200	43.858400	1565
6.216700	44.200000	1942
5.889700	44.169700	177
7.385300	43.752000	950
7.448400	43.878500	1737
7.400000	44.233300	531
7.366700	44.950000	1810
6.816700	44.983300	391
6.995900	45.320600	174
7.433300	45.050000	1484
7.466700	45.400000	1369
7.650000	45.366700	1900
8.050000	45.566700	186
8.166700	45.616700	1766
8.085500	45.488000	1919
8.283300	45.133300	545
8.333300	44.350000	559
8.816700	44.433300	319
9.115600	44.372200	1613
9.285100	44.381700	399
9.702300	44.446900	23
9.445300	45.358000	600
9.816700	45.200000	1492
10.850000	44.600000	315
10.763200	44.451500	1902
10.466400	44.389200	307
11.585500	44.398500	318
11.257600	44.545400	137
11.116700	43.983300	756
11.450000	43.683300	264
11.600000	43.283300	1474
11.807800	43.366900	24
11.366600	42.791800	1401
11.292300	42.598000	1074
11.083300	42.883300	1192
10.616700	43.050000	291
10.433300	43.383300	1525
10.500000	43.800000	101
11.683300	44.050000	1818
11.866700	44.350000	309
11.833300	44.716700	1078
12.176400	45.320000	316
11.466700	45.350000	1318
11.614300	45.546400	1939
11.483300	45.700000	1824
11.250000	45.733300	1897
11.066700	45.683300	106
10.342800	46.030000	300
11.683300	46.433300	1136
11.666700	46.766700	1247
12.500000	45.683300	1519
13.071700	45.883900	569
13.050600	45.906100	1759
13.847200	46.109200	1422
13.007300	46.157100	1592
12.358800	46.120800	1745
12.381000	46.141000	402
12.336400	46.417800	1896
12.483300	46.600000	482
12.731400	46.847200	1296
12.849400	46.838100	773
11.366700	47.166700	1814
11.250000	46.916700	1112
10.733300	47.066700	821
10.666700	47.083300	1433
10.466700	47.100000	628
10.683300	47.533300	1297
10.250000	47.866700	2049
10.613600	47.930000	1364
11.283300	47.783300	1254
11.900000	47.983300	614
12.400000	47.966700	1293
11.766700	47.883300	1880
11.233300	47.883300	825
11.583300	48.466700	1640
11.683300	48.533300	449
11.433300	48.600000	1968
11.800000	48.666700	1025
11.716700	48.883300	954
11.933300	49.033300	1400
12.350000	49.433300	1358
12.816700	49.083300	674
13.083300	49.716700	714
13.072500	49.748500	1776
14.483300	49.650000	898
14.024800	49.532600	1221
14.388400	48.702700	1532
14.233300	48.416700	1881
13.783300	48.100000	13
13.666700	48.200000	1528
13.900000	48.233300	717
14.016700	48.200000	1518
14.350000	48.233300	1304
14.216700	48.266700	1536
13.733300	48.383300	1300
13.633300	48.583300	1460
13.750000	48.483300	1607
13.816700	48.466700	527
13.519700	48.539700	1348
13.283300	48.633300	813
13.183300	48.333300	14
12.970600	47.919400	1332
13.216700	47.916700	1252
13.183300	47.800000	1944
12.700000	47.616700	683
12.833300	47.400000	1006
12.816700	47.316700	535
14.015000	46.665800	1809
13.516700	46.966700	1088
13.871400	46.925800	242
14.377200	46.783000	744
14.850000	46.766700	1693
14.600000	46.616700	1748
14.616700	46.533300	1695
14.516700	46.466700	503
14.566700	46.200000	630
15.446700	46.387800	1316
15.733300	46.383300	1149
15.790600	46.423600	916
15.900000	46.750000	1298
15.883300	46.966700	691
15.666700	47.050000	1162
15.750000	47.116700	872
15.564200	47.023200	1905
15.266700	47.116700	656
14.916700	46.966700	1878
14.733300	47.150000	1970
15.183300	47.233300	879
15.466700	47.283300	568
15.283300	47.416700	1382
15.950000	47.433300	1609
15.650000	48.066700	1650
15.666700	48.133300	721
15.466700	48.200000	1413
15.116700	48.333300	1874
14.716700	48.200000	942
14.833300	48.150000	66
15.316700	48.483300	629
15.516700	48.750000	1493
15.900000	48.566700	1157
17.070400	48.839700	1065
16.150000	48.366700	1301
15.883300	48.183300	1879
15.866700	48.116700	1381
16.066700	48.200000	1479
16.166700	48.150000	939
16.200000	47.950000	598
16.433300	47.750000	1412
16.583300	47.583300	1882
15.950000	47.833300	1288
15.982500	46.956400	802
15.965600	46.764700	882
16.516700	46.466700	1152
16.366700	46.250000	643
16.214200	45.850800	624
15.166700	45.733300	1150
15.233300	45.483300	736
14.504400	45.712500	883
13.979700	45.796700	1390
13.501700	45.793300	201
13.781400	45.585300	1194
14.455900	45.390700	487
13.763600	45.110000	241
13.250000	42.700000	1834
13.850000	43.016700	422
16.398900	43.912500	1947
17.400600	43.551100	790
18.429200	44.265800	305
19.029400	42.651700	1411
20.840300	42.907500	2061
23.200000	42.750000	218
23.316700	42.633300	484
22.665300	41.405300	913
20.593300	41.240600	1924
23.965000	38.202500	651
26.966700	38.300000	843
27.946700	39.681700	94
29.583300	40.650000	701
29.494400	40.886100	1177
28.968400	41.031800	840
26.901100	40.890000	1085
26.883300	42.766700	1054
26.183300	42.116700	1319
27.600000	43.050000	426
27.483300	43.600000	1101
26.800000	43.966700	896
26.800000	44.533300	732
26.228100	44.186200	648
26.833300	43.566700	636
26.100000	43.366700	902
26.166700	43.866700	1430
25.400000	44.566700	414
25.498800	44.801900	1357
25.083300	45.050000	1950
24.966700	45.016700	690
25.083300	44.883300	1426
23.866700	44.500000	1215
24.566700	43.733300	2036
23.500000	43.516700	659
24.100000	42.183300	1659
24.750000	41.500000	1724
24.916700	42.266700	1339
24.733300	42.350000	819
24.766700	42.600000	490
24.866700	43.466700	1717
25.949600	44.601700	440
26.209000	44.944400	26
27.016700	44.616700	324
28.402800	45.684200	1949
27.666700	46.233300	198
27.566700	47.216700	1735
26.735200	47.123800	1212
26.886100	47.617400	328
27.016700	47.766700	1854
27.928900	47.761700	117
29.346100	47.886900	1718
28.856900	47.284700	779
28.078500	46.861100	1393
29.358300	46.842500	689
29.471100	46.830600	1829
35.000000	46.916700	909
36.588300	49.798700	538
37.161100	49.309500	352
39.073300	46.984400	914
39.756700	46.458300	922
38.445200	45.752900	1758
38.176000	45.647300	658
40.240000	45.516100	1052
41.030500	45.351000	857
46.659200	45.270100	2062
49.691700	49.437800	231
49.483300	50.733300	835
40.341200	50.858800	30
37.821400	50.570900	1752
34.312900	51.150200	191
38.399400	54.748100	991
38.284400	55.397500	199
38.166700	56.033300	812
37.905800	55.581400	1067
37.636100	55.405000	368
37.938000	54.921200	1120
35.967100	52.999500	873
36.916700	52.200000	885
32.807800	53.809200	1719
31.887100	49.222400	1722
33.961900	44.836100	1409
34.103000	44.433600	611
28.465000	43.838800	71
31.379200	41.169400	21
30.201100	40.848600	19
28.150000	38.200000	2024
27.166700	38.133300	1600
30.129200	31.139700	814
31.266700	31.000000	48
31.353100	30.179400	522
30.841800	29.309900	551
34.729600	31.662500	1455
35.166700	31.883300	159
35.065800	32.185800	1452
35.020800	32.563500	45
35.617800	33.980800	809
35.578300	33.235600	1813
35.563000	32.713800	868
35.393400	32.560200	529
35.716700	34.116700	1456
36.133300	36.016700	1218
39.080600	37.043900	897
38.916700	38.550000	1620
35.701900	36.973700	1670
34.625200	38.745900	665
32.895300	40.032000	1446
34.432700	40.860400	693
35.720100	41.074800	326
36.721900	41.198900	308
41.637200	41.638600	150
40.111000	40.787400	2026
42.700000	40.583300	438
44.485800	42.124200	18
44.633500	43.729500	1061
45.050300	43.238600	1251
45.606700	43.056100	889
46.456000	42.649100	1836
45.755600	43.302100	685
45.776400	43.428100	646
47.969700	42.022800	498
45.094700	41.454700	606
44.651700	40.963300	1863
44.382500	40.486100	1676
44.966700	39.500000	98
41.480600	37.586700	1625
41.566700	38.033300	609
44.524400	33.818300	860
47.267900	32.694100	446
45.195800	34.729400	844
50.886700	35.847400	862
46.789000	34.926700	1674
46.587700	35.884900	176
46.125300	38.173600	1545
46.511300	38.805600	91
51.300000	36.683300	831
53.283600	36.744300	863
58.383300	37.950000	75
57.262700	27.728600	1463
61.683300	27.116700	1622
67.905500	27.847700	1673
70.033300	21.883300	800
70.300000	21.159700	1084
71.050000	22.833300	1115
55.943200	25.789500	1475
55.553300	25.565300	1877
55.274600	25.221900	1630
47.162700	23.991500	466
38.933300	15.333300	78
37.650000	-0.333300	367
37.016700	-0.166700	1235
36.816700	-1.283300	1229
35.866700	-1.083300	1237
14.683300	-13.783300	286
18.161600	-33.344400	2030
18.421300	-33.941000	1946
18.420000	-34.155900	625
27.232900	-31.703100	946
27.217400	-32.834800	467
30.855800	-30.096300	1988
30.886400	-29.965700	1876
31.000100	-29.834800	1327
28.414500	-26.204700	457
28.303000	-26.222000	1966
28.270300	-26.057900	626
27.900000	-26.033300	1733
28.267100	-25.825900	1987
28.149400	-25.805800	1894
28.116700	-25.800000	1943
27.150000	-24.933300	1541
47.783300	-18.333300	44
57.580200	-20.018400	957
57.583300	-20.050000	165
55.533300	-20.900000	217
57.483300	-20.300000	1384
63.408300	-19.694400	1329
115.736800	-31.779000	1210
116.033300	-30.466700	397
117.082400	-32.532500	1376
117.833300	-34.516700	2000
121.875000	-33.857000	1284
120.046900	-33.583000	1481
137.731100	-35.044000	504
138.942500	-35.002900	442
147.250000	-33.533300	263
149.783300	-29.916700	162
145.016700	-26.633300	349
148.683300	-20.283300	294
141.909000	-12.698000	1160
150.789300	-23.187600	1209
151.766700	-27.050000	1289
152.033300	-26.883300	621
166.050000	-21.866700	235
176.824200	-39.674400	1333
176.133300	-37.716700	612
175.450000	-37.866700	698
175.300000	-38.050000	1812
173.505700	-35.393200	1482
151.609800	-32.974900	226
151.481500	-32.837800	1349
151.515400	-32.790800	379
150.983300	-33.383300	1989
151.216700	-33.733300	167
150.924100	-33.882600	293
150.880700	-33.911200	268
150.550000	-34.150000	1206
150.600000	-33.716700	1962
150.890100	-32.261200	1220
151.083300	-31.200000	1368
151.350000	-30.466700	2019
153.150000	-28.866700	380
152.133300	-28.050000	640
152.052800	-27.530900	1410
151.962500	-27.586800	327
152.597000	-27.566100	1095
152.866700	-27.600000	1490
152.882800	-27.559400	163
153.058300	-27.483300	1276
153.044500	-27.355900	2051
153.183300	-27.516700	297
149.966700	-36.350000	465
150.430600	-34.439300	1971
150.282300	-34.491600	1133
147.351600	-35.145200	1838
146.918800	-36.145400	127
145.400000	-36.383300	1680
143.364700	-37.686000	1714
144.564300	-37.972800	382
145.933300	-41.083300	1991
147.066700	-41.000000	1062
147.331700	-42.883200	726
146.233300	-38.250000	1239
145.950000	-37.933300	1245
145.166700	-37.950000	1603
145.066700	-37.033300	719
144.150000	-35.733300	605
141.366700	-35.233300	407
137.766700	-34.516700	1602
122.399400	-28.625300	977
118.116700	-30.883300	134
119.633900	-5.248200	1337
121.068000	-3.108500	1398
120.863600	-2.533300	1287
119.799300	-3.927500	1689
117.089400	-8.429200	193
116.658700	-8.511800	1604
115.223000	-8.420300	1870
113.059800	-7.200100	1230
114.210100	-7.750700	74
111.895600	-8.241000	791
112.303700	-7.670300	129
112.049300	-6.902100	1141
111.601400	-6.680600	115
111.605000	-6.704900	131
111.469900	-6.651400	194
111.016700	-6.483300	22
111.019700	-7.370000	848
110.896200	-6.564800	1132
110.488600	-7.006700	1351
110.420000	-7.245000	1219
109.470000	-7.359400	130
109.513000	-6.873900	847
108.006700	-6.852200	43
107.076400	-6.274700	371
106.981400	-6.312300	133
106.859600	-6.184800	801
106.806500	-6.196900	1360
106.814100	-6.161600	1362
105.526900	-5.117800	888
104.200000	-4.983300	853
102.222000	2.240800	1083
102.171600	2.521900	595
103.956100	1.341100	1701
103.890800	1.356700	734
116.250000	5.783300	828
124.300000	7.216700	435
125.648900	7.110000	1334
123.846100	8.309600	1704
123.321900	8.038200	431
123.858600	10.286100	1444
122.592200	10.655800	803
122.605300	11.431000	82
124.307200	11.803600	1911
123.495300	13.258900	1292
121.846900	13.322200	610
121.141000	13.805500	110
120.925300	13.879400	1789
120.883900	14.338900	1345
121.120800	14.210800	1123
121.111000	14.637900	396
121.070800	14.515800	677
120.598300	14.561900	1021
120.810400	14.844300	1086
120.550000	14.983300	1094
120.542100	15.071600	1406
120.448900	15.359700	259
121.089600	16.283800	495
120.307100	22.641900	427
120.315000	23.305300	738
120.559700	23.985800	105
121.200000	23.116700	355
128.033300	26.616700	1080
127.983300	26.371200	1163
121.538900	24.960000	2007
144.786300	13.444300	1142
131.290800	31.385000	920
130.400000	31.950000	725
130.620600	32.502400	676
130.466700	32.566700	1662
130.600000	33.200000	833
130.735200	32.858700	1780
130.718900	32.813600	2013
129.722800	33.159200	1629
126.900000	34.550000	1275
126.574200	34.177500	1272
126.930600	34.383600	673
127.589200	34.975300	924
128.610300	34.733900	360
128.820000	35.099200	1543
128.681100	35.228100	337
129.008600	35.558900	366
129.138600	35.749400	351
128.212300	35.747300	1225
128.408100	36.975000	1875
127.439400	35.315600	1999
126.297800	34.466700	1628
121.265800	31.169400	2011
122.282900	30.027000	2046
121.293100	30.248900	1678
121.245700	30.176400	2012
120.990300	30.075100	1205
119.839200	29.218300	737
119.456100	29.083900	2017
119.405800	27.409200	2010
118.960300	27.426400	797
118.615000	27.429400	1675
119.466900	27.034600	1682
119.333300	25.900000	748
118.480000	24.772800	1859
117.516400	25.555000	107
117.045300	24.281900	1027
116.390400	23.454100	798
115.150400	23.233200	2006
114.561800	23.427400	2009
116.274700	23.620600	2008
116.911100	27.297300	1015
117.948900	28.662500	1028
120.430900	30.531100	362
120.629800	31.314700	1377
119.866700	30.600000	1168
118.241700	31.625000	1677
116.552800	31.650000	1960
115.600000	32.116700	1959
115.770300	33.877200	239
115.833300	36.666700	1846
117.532500	37.651700	2027
126.741900	37.583900	1793
127.071000	37.331000	1772
127.083300	37.516700	1702
127.641100	37.304200	679
127.216700	36.916700	771
127.104600	37.602000	808
126.722000	37.505300	262
126.581400	37.652200	2031
122.991100	39.700800	370
117.937700	50.925200	29
117.139900	51.591000	869
116.500000	51.866700	1636
115.516700	52.350000	1923
104.186700	52.897600	267
102.910400	53.435700	1790
117.100000	60.233300	822
129.137000	61.477700	1395
138.766700	47.233300	1248
140.273600	38.153900	824
140.116700	37.683300	1312
139.570800	37.729200	884
137.333300	37.433300	915
137.100000	37.416700	93
138.416700	35.783300	728
139.089700	35.671700	764
139.629700	35.855900	1267
139.417400	35.545400	1268
139.494800	35.342300	429
139.550000	35.333300	2015
140.033300	35.480000	52
140.311600	35.309700	15
140.316700	35.783300	1233
139.980400	35.821000	1578
139.705500	36.057600	1685
139.795600	35.793600	1795
139.850000	35.750000	62
139.948400	35.710200	593
139.223600	35.371100	694
138.783300	34.666700	892
138.200000	34.666700	1781
137.133300	35.316700	1794
136.966700	35.050000	1309
135.783300	34.633300	893
135.548900	34.496500	1314
135.631900	34.620500	926
135.039100	35.160300	1799
133.935000	34.661700	1308
133.748300	34.554700	918
132.766100	33.841700	1118
132.716700	33.283300	845
133.383300	34.566700	1684
134.289900	35.386300	430
139.000000	36.500000	20
139.583300	36.366700	1802
141.179000	38.408900	718
141.116700	38.983300	724
142.457800	44.350600	1246
142.209200	47.997800	758
134.000000	46.220000	1418
130.850000	45.800000	1453
131.969200	44.309200	1427
131.430000	43.040000	1240
128.997200	42.539700	711
124.231700	41.635300	2003
122.909700	41.217200	1033
119.567200	35.579400	1008
116.983300	35.300000	1009
114.395800	35.711100	1026
112.667500	37.744700	1454
115.817500	38.870000	61
102.775000	46.263900	72
110.066400	34.565300	739
114.316700	30.250000	2004
113.900000	29.983300	2034
113.748600	28.968900	1231
115.670300	28.338300	478
112.539800	25.232500	1029
110.863200	26.344100	1039
110.846400	27.546700	2029
108.766700	30.850000	2032
106.890800	31.066600	280
107.506400	28.629700	663
102.989400	27.771600	799
105.666400	29.765800	2048
94.833300	26.283300	1862
100.333300	24.316700	2028
103.023000	21.386000	462
105.418800	21.306500	1932
109.169500	21.668200	713
111.015000	22.470800	686
112.466200	22.050700	338
113.202500	23.102400	479
113.250000	23.116700	295
113.235300	23.242600	432
113.882500	22.787400	639
114.400000	23.083300	741
114.183300	22.350000	1957
114.183300	22.550000	1024
114.116700	22.233300	2033
110.155800	19.665600	796
109.054400	19.367500	470
108.883300	15.050000	678
105.119300	12.428700	214
105.062700	13.594300	1424
103.996600	11.855100	906
107.016700	10.950000	1848
106.731900	10.834200	745
102.500000	5.750000	827
102.400000	5.833300	1343
101.707300	6.398100	123
99.666900	7.386200	2016
100.381400	5.463400	1356
102.100000	3.016700	829
101.795200	2.988500	1797
101.778300	3.143700	1798
98.949300	2.877500	1773
99.314000	3.414800	617
100.077900	7.617900	1365
99.333100	9.140100	46
99.416700	9.150000	119
98.415100	9.194000	865
99.166700	10.500000	369
99.900000	12.666700	124
101.165800	12.698900	125
100.000000	13.400000	128
100.983500	13.362200	1208
100.933300	13.883300	120
100.611600	13.785500	1958
100.683300	14.733300	121
100.333300	14.950000	122
100.300000	16.383300	126
100.233300	16.916700	1825
99.337000	17.880500	1734
78.933300	13.650000	1374
78.008300	15.013000	181
75.116700	15.783300	1634
75.350000	12.050000	1796
75.566700	11.966700	772
76.566700	11.483300	1223
75.868900	11.178000	1465
76.255900	9.920100	1213
78.940600	9.822800	54
76.966700	9.850000	751
79.915900	6.854500	1244
80.450000	5.966700	452
80.416700	7.483300	720
79.875700	7.164300	842
79.900300	7.218000	830
80.166700	7.483300	601
80.133300	12.950000	364
80.240800	13.070000	353
80.278100	13.081900	1340
80.050000	15.350000	1801
75.516700	18.016700	1070
75.966700	17.166700	767
75.700000	16.183300	103
74.466700	16.166700	682
73.850000	15.500000	1503
73.706900	16.115600	1321
73.366700	18.616700	41
72.800000	19.183300	1109
76.383300	18.733300	40
76.483300	24.983300	118
72.383300	23.916700	1690
73.066700	25.700000	179
73.936400	26.203100	782
75.433300	27.266700	100
77.200000	27.866700	1443
79.219700	24.830500	99
79.222700	24.628200	136
78.808900	24.696600	1687
79.116700	21.950000	336
78.532400	21.421300	1170
78.133300	20.400000	2021
77.050000	19.183300	1445
77.100000	18.250000	454
78.116700	18.666700	1270
78.655000	17.430600	56
79.450000	17.366700	1903
80.200000	18.316700	1234
80.971400	16.297000	428
81.633300	17.250000	1397
81.724100	16.835500	834
82.043800	17.244400	832
83.550000	18.250000	459
83.616700	21.333300	135
83.966700	21.450000	1587
86.450000	22.516700	1217
88.630300	23.776900	1135
90.166700	23.983300	189
91.112300	23.974600	240
91.350000	29.666700	444
93.050000	27.300000	500
89.850000	25.300000	1076
87.848700	24.224300	1803
87.883300	23.066700	1464
81.116700	25.783300	859
81.040200	26.920000	633
81.916700	26.050000	60
83.723900	26.274400	138
83.983300	25.583300	273
84.883300	26.083300	1804
81.300000	24.533300	1501
79.733300	26.116700	820
79.383600	27.922700	1375
77.463300	29.560800	178
77.183300	30.983300	332
75.133300	32.933300	1871
74.079300	32.975700	180
74.351700	33.614700	102
74.222200	32.047200	861
74.883300	32.100000	1238
75.596700	31.096400	1286
75.233300	30.316700	1367
71.125900	29.008500	12
69.572500	32.298900	1956
70.924700	30.875400	783
73.183500	31.567800	333
73.010200	33.594100	1154
72.387300	33.593700	84
76.151900	39.706100	85
71.767800	40.477200	1807
75.453300	43.558100	2047
76.180400	43.148200	2045
81.075800	43.122800	339
87.600500	43.801000	1884
82.380100	50.074600	1889
86.568300	42.058600	2018
78.966700	44.550000	359
78.314700	45.452800	1175
85.200000	51.316700	77
86.193100	56.964700	556
88.405000	56.514400	750
93.621500	55.852900	1359
91.433300	52.866700	1417
83.733300	54.966700	1951
73.878600	54.657000	3
69.396900	53.282400	886
63.596000	54.678000	2038
63.643600	56.082500	1672
59.489100	55.573600	2025
61.174400	57.939700	2020
62.500000	57.233300	1081
60.765300	58.872600	1921
58.628300	57.688600	1477
56.298300	58.218900	864
54.920700	57.053800	2022
54.093300	58.937500	1590
51.541900	60.334400	846
56.414700	64.899200	356
139.975700	69.309600	456
151.700000	62.266700	1322
-165.477200	61.744800	1637
-143.666500	70.124100	816
-144.439600	61.515600	358
-127.700000	52.350000	1302
-114.183300	64.183300	1725
-107.034500	53.500100	1928
-104.533300	52.666700	1700
-109.751600	50.450100	1506
-108.028700	45.369300	1555
-114.180700	47.277100	1480
-117.860700	47.698300	1485
-123.549000	46.559000	990
-121.487000	45.799300	747
-121.895700	41.749700	1068
-119.329200	40.866200	619
-121.256300	39.593200	552
-120.836700	39.197700	497
-121.311100	38.291000	1865
-120.621400	38.206800	1591
-120.256800	37.994700	1739
-119.502900	37.002600	1423
-117.572300	34.426100	1366
-117.664300	33.455100	298
-116.835600	33.642500	712
-111.528000	33.191100	1596
-111.398900	33.361600	63
-102.341500	32.893400	1043
-104.388500	30.182800	1100
-101.050000	28.266700	514
-99.418700	28.030500	530
-95.452500	29.418500	1524
-91.846300	32.264800	1091
-90.041700	32.806500	1908
-90.126800	35.536500	148
-92.292900	38.692000	692
-93.434000	37.004700	377
-97.698600	42.032200	1128
-93.934300	40.832400	653
-92.079100	40.933300	1011
-90.956500	42.679700	1278
-90.539300	42.523600	1705
-89.289800	43.012500	1126
-87.789300	41.872500	1291
-88.439100	43.482700	1822
-87.931700	45.594400	1350
-85.650000	48.683300	1167
-91.670700	47.022700	1867
-91.929700	46.559900	1742
-96.594200	48.753100	956
-101.033300	50.133300	1158
-95.887700	47.653000	1127
-92.588400	44.660900	675
-94.749500	43.669200	1681
-100.724400	43.620300	1980
-105.260300	43.231900	190
-105.991900	38.536000	409
-105.115000	36.558100	1888
-112.244400	38.415500	1110
-108.420100	37.297100	1143
-106.780200	36.214000	602
-98.206300	37.999200	1
-97.266300	37.628200	1124
-96.729700	36.117900	2014
-94.832300	36.966200	1372
-95.486500	35.436400	348
-98.536800	33.801900	1983
-97.210000	32.643700	855
-96.281300	32.360500	851
-90.799000	29.372500	1457
-87.666200	31.032600	1354
-88.272300	30.756400	1660
-87.198000	33.290400	2
-86.993900	33.579200	7
-85.672500	33.251000	410
-84.315200	33.018100	1130
-81.635400	35.530000	310
-81.217700	37.444300	970
-82.140100	37.648400	1489
-83.101600	37.334000	566
-84.883600	37.915100	1585
-85.702600	37.963300	1679
-86.766600	38.937100	1328
-86.863400	37.666000	1981
-85.806500	42.031200	1096
-84.166100	42.007600	1313
-83.740800	41.419200	1840
-82.937400	42.375900	660
-80.856600	41.756400	89
-81.833700	43.075000	68
-80.696700	43.209000	768
-80.255000	44.106400	1137
-79.501400	44.114900	1260
-79.746300	43.160700	583
-83.835200	40.559500	1530
-83.939900	39.990100	1279
-83.120100	39.863900	661
-79.981000	39.757700	210
-79.866400	40.125100	164
-79.633900	41.222600	958
-78.774200	40.301100	1581
-78.949900	40.199200	729
-77.501000	42.483700	385
-75.689300	43.271500	1125
-77.616700	44.516700	450
-78.715800	44.160900	2023
-83.400000	47.833300	341
-71.515800	48.450100	969
-72.666700	48.883300	460
-73.158100	45.341800	1185
-70.192800	44.615900	501
-70.073100	44.435400	856
-69.634400	43.807000	1747
-72.435300	43.141800	1281
-71.617600	42.491800	1761
-72.676400	42.070400	553
-74.628700	43.042300	1550
-75.042900	41.842300	585
-73.976800	41.211800	1974
-73.672000	41.288800	635
-73.686200	40.793900	1092
-73.788100	40.728000	586
-74.106400	40.670500	152
-75.107800	40.097900	792
-75.226700	40.014300	109
-74.256300	40.218200	8
-75.289700	38.409700	1979
-75.842700	40.010700	1953
-76.165800	40.175700	532
-76.363600	37.802500	1984
-76.886000	34.688500	1582
-79.868700	33.357000	1554
-82.152500	32.538900	1866
-80.085500	26.345300	212
-86.731100	21.231100	774
-89.214000	20.771800	1599
-96.177200	19.127800	224
-96.450000	17.116700	421
-97.350000	18.316700	357
-97.733300	18.900000	1595
-97.158300	19.566700	1048
-96.883300	19.275000	521
-97.100000	18.916700	354
-97.916100	19.584500	11
-99.155700	20.413500	780
-100.183300	20.716700	938
-101.133900	20.620800	383
-100.477200	23.193500	1113
-103.346300	23.624600	296
-103.033300	20.583300	518
-104.250000	19.283300	1093
-99.335000	18.726200	1241
-99.333300	19.356400	2035
-99.196900	19.449900	1352
-97.747200	17.728600	277
-89.683300	13.933300	520
-77.366700	18.400000	250
-89.027800	13.938100	1770
-74.287500	10.997200	1440
-71.449200	10.469400	517
-70.233300	9.633300	303
-73.222800	6.635700	139
-74.048600	5.477800	398
-74.216800	4.579400	1727
-80.133300	-0.166700	953
-80.416700	-0.600000	302
-76.882800	0.084700	952
-76.966700	-12.033300	1614
-76.966700	-12.133300	374
-72.416700	-13.566700	1371
-71.227200	-30.200800	42
-69.933300	-27.083300	80
-67.633300	-27.683300	560
-63.580400	-32.610700	434
-61.902800	-31.090200	1468
-60.683300	-33.100000	1189
-61.316700	-33.700000	1936
-64.993300	-33.175400	4
-69.177800	-38.805600	1385
-72.600000	-38.733300	1816
-72.516700	-51.733300	1442
-63.683300	-40.433300	664
-58.516700	-34.650000	1467
-58.566100	-34.599900	1851
-58.761800	-34.509600	1200
-60.936300	-35.988300	1937
-55.900000	-34.700000	528
-51.816700	-30.850000	287
-54.666700	-30.983300	475
-54.633300	-28.283300	279
-49.118800	-26.889900	1583
-49.677400	-25.521500	116
-49.716700	-24.783300	1728
-50.366700	-21.866700	807
-50.516700	-22.066700	1904
-51.983300	-22.616700	776
-48.383300	-19.233300	157
-57.516700	-16.533300	404
-55.982900	-15.454300	408
-54.934400	-10.169300	1119
-48.387800	-13.426800	1156
-49.441800	-18.329500	778
-45.282400	-22.008500	795
-46.589500	-22.781700	1378
-47.021000	-23.688000	322
-43.766700	-21.066700	1499
-42.170300	-21.763300	967
-42.516700	-20.766700	476
-41.283300	-20.150000	245
-42.766100	-18.167800	584
-41.337400	-17.679100	1817
-41.050000	-19.250000	220
-42.606400	-16.907800	805
-43.709900	-16.327800	299
-44.659200	-16.071700	1060
-45.450000	-10.916700	1619
-45.477000	-9.922800	143
-45.520200	-9.727400	620
-45.743800	-8.471900	1808
-49.673000	-3.768000	1861
-43.508700	-7.088800	794
-42.369600	-9.541100	1496
-43.083300	-10.983300	1586
-40.970800	-10.187100	949
-39.791500	-14.903100	1615
-38.116700	-12.666700	1190
-39.100000	-12.050000	278
-39.484700	-11.433900	1893
-39.710900	-10.340300	1282
-36.521700	-8.291900	1606
-37.566700	-5.783300	304
6.594600	5.861800	1306
3.900000	7.800000	761
7.583300	10.800000	837
9.566700	11.433300	473
6.760000	11.814100	1961
-17.454200	14.692800	548
-50.791400	1.743300	1419
-48.612200	-0.486200	1740
-57.000000	-0.983300	1826
-55.150000	5.816700	1134
-61.500000	7.300000	1864
-67.983300	7.500000	95
-62.733300	8.983300	1815
-61.500000	10.133300	1708
-61.433300	10.250000	634
-61.516700	10.666700	1548
-61.333300	10.633300	70
-59.616700	13.100000	1261
-59.616700	13.216700	1978
-61.056700	14.832900	982
-61.233300	15.900000	1929
-61.716700	16.000000	147
-61.583300	16.250000	161
-63.000000	18.250000	775
-62.983300	17.466700	340
-61.383300	15.283300	1955
-60.883300	13.900000	453
-61.750000	12.050000	580
-63.096100	10.308900	662
-66.288100	10.113300	211
-68.266700	12.150000	905
-69.886400	18.470000	2058
-69.666700	18.616700	1103
-70.500000	19.416700	0
-71.633300	19.483300	1617
-64.678100	32.381700	1549
-70.287000	46.578200	1551
-67.746600	46.926600	652
-64.833300	46.066700	160
-65.075400	45.948900	1821
-65.373500	45.649600	1954
-67.059200	44.808100	1055
-64.532100	44.350100	702
-64.417800	44.378400	1502
-64.292500	44.488900	1977
-63.074500	45.471900	852
-63.202800	45.531000	1290
-62.883300	46.016700	570
-61.261000	45.959300	492
-59.952700	46.121800	196
-54.916700	47.366700	104
-55.466700	47.683300	1405
-54.050000	47.183300	1032
-28.163200	38.411100	1505
-7.800000	53.733300	47
-6.578900	53.014400	1262
-4.787800	51.913900	1071
-4.283300	53.033300	1035
-7.270300	52.583100	1668
-8.783300	52.166700	325
-9.233300	52.316700	1204
-9.516700	52.050000	372
-9.616700	51.900000	301
-8.893300	52.939400	418
-7.826900	53.269400	557
-8.221100	53.210800	412
-7.374000	54.571000	489
-6.266700	54.466700	1073
-6.166700	54.983300	306
-6.700000	61.400000	1777
-1.383300	60.266700	16
5.400000	60.333300	709
5.400400	61.363500	433
5.933300	61.666700	623
9.650000	61.650000	1017
11.133300	63.200000	904
11.664400	62.102400	1730
14.183300	61.150000	207
9.450000	59.850000	573
13.233300	59.583300	1837
14.272000	59.531800	1762
14.133300	58.383300	574
13.800000	58.233300	917
16.616700	56.850000	228
13.250000	57.116700	249
11.983300	57.633300	114
11.683300	57.983300	471
9.827100	59.511300	890
9.200000	59.016700	1715
9.955100	56.894700	616
6.333300	58.533300	192
5.766700	60.016700	672
5.745300	59.863800	746
5.172300	59.792800	1782
5.250000	59.483300	206
5.298500	59.376500	839
-4.416700	57.983300	1839
-2.350000	57.650000	604
-2.350000	57.133300	608
-2.533300	57.016700	1764
-2.427300	56.748100	411
-2.883300	56.583300	770
-2.883300	56.450000	1811
-3.033300	56.166700	258
-3.333300	55.916700	632
-3.916700	56.016700	494
-3.516700	55.066700	389
-2.816700	53.366700	681
-3.216700	54.183300	76
-2.516700	53.716700	1129
-1.216700	53.850000	1873
-0.266700	54.150000	1494
-0.816700	54.000000	260
-0.750000	53.550000	1973
-0.350000	53.233300	1750
-0.450000	53.266700	1771
-1.250000	53.250000	523
-0.883300	53.066700	1757
-0.983300	52.916700	416
-1.033300	52.716700	1486
-1.083300	52.433300	1280
-0.750000	52.433300	1538
-0.450000	51.900000	989
-0.400000	51.400000	1053
-0.916700	51.133300	502
-1.383300	50.900000	777
-2.892200	51.545000	1982
-1.883300	52.150000	1580
-1.733300	51.950000	1038
-3.450000	53.266700	1547
-2.416700	51.816700	1976
-3.084100	51.048300	1975
-3.493300	51.456900	1037
-3.676700	51.533300	854
-4.117800	51.753600	1036
-3.496400	51.167800	1832
-3.533300	50.900000	1990
-3.783300	50.633300	1277
-5.197400	50.310600	1546
-5.600000	50.183300	1849
-3.784100	50.282500	867
-2.016700	50.600000	962
-2.817800	48.570500	1407
-3.639600	48.527700	232
-4.202400	48.497300	963
-2.700000	48.066700	244
-3.112700	47.598000	1387
-1.679500	47.596500	1107
-1.533300	47.616700	933
-1.116700	47.100000	1561
-0.986100	46.707000	1698
-0.218000	46.323400	1421
0.036400	46.246700	1576
-0.120800	46.589800	1566
0.377800	46.975600	1483
0.909300	46.322500	1791
1.571900	46.155900	334
1.630100	46.622500	1202
2.566700	46.283300	1020
2.735000	45.512400	343
3.081100	45.831400	202
3.125600	45.403000	67
3.383300	45.733300	1002
3.700000	45.633300	387
4.742500	45.266700	390
4.265100	45.561900	1910
3.816700	45.383300	541
